38
   9   23   -296.548   -282.039   1639.584 4
  -1   16   -134.633    223.845   1829.578 4
  -1    3    -15.573    272.180   1601.148 4
  14   -2   -430.990    -28.417   1852.475 4
  -1   -2   -306.162     29.334   1698.788 4
  22   10   -130.471    410.690   1923.308 4
  -1   39   -446.663    363.943   1503.706 4
   3   -2   -168.909     70.448   1915.461 4
  -1   42   -348.918   -284.577   1893.394 4
  -1   -2    250.486    339.086   1476.583 4
  -1   -2   -109.381    288.233   1740.235 4
  13   32      7.713    432.239   1881.902 4
  26   -2    274.911    433.618   1665.060 4
  -1   44    -90.208    343.208   1612.811 4
  -1   27    149.257    669.005   1743.674 4
  28   -2     66.302    523.596   1840.820 4
  19   -2   -614.412    266.408   1884.461 4
  37   -2   -327.469    277.247   1828.044 4
  36   29    203.926    239.961   1843.878 4
  -1   -2   -418.089    415.510   1536.296 4
  -1   24    175.897   -162.991   1688.002 4
  -1    5    -94.875    567.692   1524.371 4
  32   -2   -657.534    368.583   1588.212 4
  -1   34   -658.785    565.173   1439.147 4
  -1    0   -558.049    639.423   1712.842 4
  -1   28   -586.491   -323.820   1528.987 4
  -1   22    198.529    721.448   1694.792 4
  -1   38   -745.420    438.318   1645.892 4
  -1   15   -552.517    745.776   1572.318 4
  10    4   -440.872    671.578   1828.749 4
  16    8   -589.752    529.127   1891.202 4
  11   26   -159.003    602.067   1968.090 4
  20   18  -1099.612    267.649    264.121 4
  -1   40   -328.893    644.425   1450.364 4
  35   -2   -480.354    240.959   1756.635 4
  -1   -2   -804.921    374.241   1526.196 4
  -1   37   -628.251    323.375   1649.311 4
  31   43   -248.681    206.374   2051.525 4
