42
  -1   -2   -628.556    486.447   1970.283 4
  -1   -2   -432.288    343.697   2002.439 4
  -1    0   -545.017    587.011   2011.929 4
  -1   -2   -138.141    235.418   1965.603 4
  -1   -2   -294.517   -235.107   1837.357 4
  -1   -2   -721.745    394.648   1959.133 4
  -1    8   -130.574    421.354   1963.965 4
  -1   37    -34.923    281.148   1997.536 4
  -1   -2   -631.218    341.758   1987.977 4
  -1   -2   -614.426    413.205   1947.142 4
  -1   -2   -311.137    697.137   1948.698 4
  -1   21    127.714    651.117   1990.814 4
  -1   -2   -539.535    689.686   1892.136 4
  -1    3   -117.589    296.084   1986.319 4
  -1   32   -605.019    278.913   2028.188 4
  -1   26    209.335    345.860   1893.030 4
  -1   -2   -110.180    541.430   1957.565 4
  -1   31   -409.202    406.836   1884.851 4
  -1   -2   -141.058   -433.823   1541.045 4
  -1    5    158.101    301.334   1924.912 4
  -1   -2   -304.208     56.770   1882.881 4
  -1    4   -346.623   -259.462   1946.543 4
  -1   -2     57.909    529.495   1971.086 4
  -1   -2   -168.706     91.857   1973.976 4
  -1   17      1.731    446.914   2009.723 4
  -1   -2   -102.118    347.427   1944.196 4
  -1   13   -157.615    607.241   1957.934 4
  -1   15   -425.064      2.804   2000.516 4
  -1   27   -583.594   -308.756   1562.127 4
  -1   -2    195.994    255.145   1938.112 4
  -1   -2    259.928    447.943   1815.027 4
  -1   -2   -324.879    293.341   1971.546 4
  -1   34   -364.782    641.591   1864.634 4
  -1   35   -479.770    242.516   1763.192 4
  -1   -2   -771.319    323.732   1924.123 4
  -1   -2   -620.895    312.321   1778.985 4
  -1   -2    167.850   -130.994   1801.314 4
  -1   -2   -474.132    507.948   1965.489 4
  -1   16   -257.972    353.461   1865.766 4
  -1   -2   -367.851    695.643   1982.073 4
  -1   -2   -248.770    212.521   2093.586 4
  -1   -2   -150.396    292.884   1917.896 4
