45
  24    1   -508.519    621.846   2028.952 4
  -1   31   -383.654    340.651   2008.606 4
  -1   -2   -565.970    541.975   1987.225 4
   2   -2   -125.668    212.632   1968.605 4
  29   37   -332.652    666.427   1959.599 4
  21   -2   -128.505    400.449   1962.212 4
  -1   -2   -278.852   -285.214   1831.973 4
  -1   -2   -590.881    354.519   1982.691 4
  30   40   -682.940    433.349   1972.645 4
  -1   -2      0.966    250.104   2008.560 4
   5   -2   -379.611    393.320   1859.603 4
  -1   17    151.445    637.302   1991.571 4
  -1   43   -165.402     58.324   1973.205 4
  -1   12   -777.216    299.030   1966.342 4
  -1    2    -94.631    271.058   1987.146 4
  28   -2   -503.691    717.387   1897.225 4
   1   19    -72.763    319.990   1931.153 4
  -1    6   -822.782    393.272   1864.615 4
  32   -2  -1340.772    310.766  -1156.798 4
  -1   36     68.975    502.492   1979.856 4
  -1   38   -589.710    249.978   2035.592 4
  -1   39   -344.237   -292.515   1944.994 4
  26   26    271.665    411.138   1815.301 4
   0   -2   -288.677     18.630   1883.067 4
  20   -2    203.011    227.762   1935.151 4
  -1   21   -413.636    -39.633   1994.948 4
  31    8     12.048    410.254   2018.798 4
  14    0    -70.797    526.722   1948.325 4
  25   22   -582.231   -328.184   1561.640 4
  18   -2    197.828    686.826   1914.625 4
  -1    5   -412.730    648.647   2041.962 4
  -1   15   -313.299    261.043   1967.828 4
  11   35    245.868    309.778   1887.786 4
  -1   -2    175.500   -171.760   1792.068 4
  23   30   -577.134    521.287   1969.655 4
  -1   -2   -537.692    551.823   2003.226 4
  -1   44   -160.369    600.836   1953.181 4
  36   -2   -597.973    326.879   1826.543 4
  27    9   -722.183    374.698   1935.147 4
   6   34   -480.236    240.043   1758.595 4
  33   20   -412.407    525.495   1984.856 4
  -1   29   -270.446    598.207   2011.358 4
   8   -2   -314.736    -60.914   1973.066 4
  37   42   -244.544    201.700   2099.639 4
  13   32   -105.663    371.892   1848.776 4
