38
   2   -2   -613.411    500.454   1977.600
  -1   -2   -420.668    343.212   2001.039
  -1   -2   -536.450    596.057   2013.029
  13    7   -134.932    229.847   1969.517
  21   -2   -290.760   -247.511   1834.721
  19   -2    -26.398    273.535   1998.385
  -1   -2   -621.299    345.819   1982.864
  -1   -2    133.949    648.247   1987.950
   6   -2   -111.730    290.336   1983.113
  -1    0   -145.664   -452.367   1476.741
  -1   29   -529.857    696.771   1901.165
  -1   31   -294.605    705.967   1942.852
  -1   -2    218.570    336.751   1892.475
  26   11   -100.514    538.355   1951.160
  -1    3   -345.901   -267.710   1946.171
  27   -2   -167.934     83.756   1973.586
  38   30   -401.690    403.857   1867.629
  24   -2    -94.445    340.677   1939.151
  -1   -2   -300.257     47.517   1883.452
  -1   16   -600.734    272.530   2030.226
  -1   32   -759.501    336.345   1928.566
  11   -2     60.884    523.559   1966.653
  -1    5      4.116    437.999   2010.374
  -1   -2   -429.992    648.960   2031.705
  -1   -2    197.762    248.271   1938.166
  -1   -2   -422.167     -7.686   1998.860
  15   12    262.796    438.583   1817.569
  28   -2   -583.345   -313.625   1561.826
  -1   15    182.950    705.182   1916.568
  -1   -2   -313.183    583.512   2011.669
  -1   -2   -158.496    605.998   1954.812
  17   37   -322.083    285.435   1969.608
  14   22   -616.709    312.930   1788.866
  -1   -2   -461.881    432.627   1828.150
  32   -2   -351.185    643.576   1870.697
  33   34   -480.038    241.955   1759.389
  -1   18    169.663   -141.286   1799.234
   7   17   -140.605    285.733   1912.759
