39
  22   -2   -280.513   -335.320   1633.554
  18   -2   -318.056   -108.172   1661.320
   7   -2   -418.967    -72.798   1857.013
   2   -2   -165.462     34.350   1912.966
  11   -2   -122.120    199.454   1830.912
   3   -2   -391.435    356.575   1512.940
   0   -2   -598.911    233.002   1898.309
  27   -2     22.827    238.701   1639.107
  -1   -2   -290.442    -11.077   1705.815
  43   -2   -128.466    388.654   1922.769
  10   -2    -86.271    258.888   1768.406
  32   -2     18.285    392.839   1892.753
  -1   -2    182.911   -203.105   1692.044
  25   -2     76.113    492.370   1872.059
  -1   -2    -61.107    311.676   1661.689
  15   -2   -424.335    459.246   1444.914
  -1   -2    171.886    650.213   1771.076
  -1   -2    287.680    396.145   1644.955
  23   -2   -346.371   -316.719   1905.048
  -1   -2   -611.417    375.942   1625.870
   6   -2   -314.586    242.753   1860.179
  28   -2   -592.549    425.242   1769.149
  24   -2    210.293    211.977   1847.505
  -1   -2    214.907    690.530   1737.481
  -1   -2    250.387    733.940   1667.104
  33   -2   -518.962    674.931   1719.795
  -1   -2   -585.855   -343.982   1521.670
  -1   -2   -779.266    460.286   1694.022
  -1   -2   -822.893    262.094   1564.005
  37   -2   -161.200    595.417   1961.144
  -1   -2    286.504    299.031   1504.733
  -1   -2    -51.221    549.377   1520.203
  -1   -2   -480.223    238.577   1759.426
  -1   -2   -650.988    520.873   1492.583
  -1   -2   -599.827    509.041   1315.300
  -1   -2   -390.083    408.683   1445.190
  13   -2   -602.774    342.527   1685.744
  -1   -2   -267.459    657.884   1524.110
  39   -2   -244.416    195.401   2059.768
