45
  27    6   -370.432    338.851   2018.843
   0   -2   -498.749    629.606   2035.821
  14    3   -122.657    206.760   1967.718
  -1    5   -399.927    428.341   1960.472
  -1   -2   -127.970    394.940   1963.104
  30   -2   -318.657    676.398   1960.210
  17   20   -581.450    356.570   1982.651
  -1    2   -275.052   -298.182   1829.835
  26   -2      9.870    242.659   2008.914
  38   -2   -672.689    441.927   1978.493
  -1   10    -89.198    264.249   1982.293
  -1    4   -164.479     49.509   1974.773
  13   -2   -586.214    242.192   2035.877
  -1   36   -763.778    309.418   1968.509
  -1   -2    157.045    633.548   1991.974
  31   15   -371.813    390.469   1864.782
  -1   -2    -66.115    313.223   1924.537
  11   -2     71.403    495.419   1980.407
  -1    1   -285.279      8.751   1879.047
  16   -2     14.558    400.859   2019.382
  40   -2   -550.156    452.102   1974.480
  25   -2   -411.059    -50.558   1992.247
  28    0   -581.683   -332.932   1562.741
  -1   18   -343.177   -300.023   1952.266
  -1   22    204.671    220.938   1934.469
  -1   13    202.377    681.194   1909.082
  22   -2    274.584    401.886   1813.441
  -1    7    177.349   -181.760   1788.923
  -1   21   -530.400    556.870   2004.576
  41   -2   -160.937    599.159   1952.135
  34   -2   -574.778    519.430   1974.574
   1   -2   -310.758    252.860   1966.072
  44   11    -93.695    365.415   1868.308
  -1   25   -406.929    648.362   2042.159
  39   -2   -480.092    239.418   1760.352
  32   -2    254.612    300.800   1887.075
  19   -2    -60.463    522.612   1950.263
   4   29   -258.561    606.049   1992.011
  20   -2   -594.066    333.899   1811.641
  21   38   -307.827    -73.900   1974.095
   8   -2   -710.017    387.349   1932.598
  -1   -2   -398.539    529.463   1985.032
  43   -2   -243.504    198.971   2101.483
  12    9   -126.548    217.735   1965.314
  36   -2   -302.049    654.767   1852.171
