45
   1  -370.432   338.851  2018.843   41   35   -1   -1
   2  -498.749   629.606  2035.821   10    5   -1   -1
   3  -122.657   206.760  1967.718   60   53   -1   -1
   4  -399.927   428.341  1960.472   28   21   -1   -1
   5  -127.970   394.940  1963.104   35   29   -1   -1
   6  -318.657   676.398  1960.210    6    1   -1   -1
   7  -581.450   356.570  1982.651   40   34   -1   -1
   8  -275.052  -298.182  1829.835   67   60   -1   -1
   9     9.870   242.659  2008.914   55   47   -1   -1
  10  -672.689   441.927  1978.493   26   19   -1   -1
  11   -89.198   264.249  1982.293   50   44   -1   -1
  12  -164.479    49.509  1974.773   62   55   -1   -1
  13  -586.214   242.192  2035.877   54   48   -1   -1
  14  -763.778   309.418  1968.509   43   39   -1   -1
  15   157.045   633.548  1991.974   11    4   -1   -1
  16  -371.813   390.469  1864.782   38   31   -1   -1
  17   -66.115   313.223  1924.537   44   37   -1   -1
  18    71.403   495.419  1980.407   22   14   -1   -1
  19  -285.279     8.751  1879.047   63   56   -1   -1
  20    14.558   400.859  2019.382   33   26   -1   -1
  21  -550.156   452.102  1974.480   24   18   -1   -1
  22  -411.059   -50.558  1992.247   64   57   -1   -1
  23  -581.683  -332.932  1562.741   68   62   -1   -1
  24  -343.177  -300.023  1952.266   70   61   -1   -1
  25   204.671   220.938  1934.469   58   51   -1   -1
  26   202.377   681.194  1909.082    7    0   -1   -1
  27   274.584   401.886  1813.441   36   28   -1   -1
  28   177.349  -181.760  1788.923   66   59   -1   -1
  29  -530.400   556.870  2004.576   14    8   -1   -1
  30  -160.937   599.159  1952.135   13    7   -1   -1
  31  -574.778   519.430  1974.574   19   13   -1   -1
  32  -310.758   252.860  1966.072   51   46   -1   -1
  33   -93.695   365.415  1868.308   39   33   -1   -1
  34  -406.929   648.362  2042.159    8    2   -1   -1
  35  -480.092   239.418  1760.352   56   50   -1   -1
  36   254.612   300.800  1887.075   46   38   -1   -1
  37   -60.463   522.612  1950.263   18   11   -1   -1
  38  -258.561   606.049  1992.011   12    6   -1   -1
  39  -594.066   333.899  1811.641   42   36   -1   -1
  40  -307.827   -73.900  1974.095   65   58   -1   -1
  41  -710.017   387.349  1932.598   37   32   -1   -1
  42  -398.539   529.463  1985.032   16   10   -1   -1
  43  -243.504   198.971  2101.483   61   54   -1   -1
  44  -126.548   217.735  1965.314   59   52   -1   -1
  45  -302.049   654.767  1852.171    9    3   -1   -1
