38
   1  -613.411   500.454  1977.600   17   16   -1   -1
   2  -420.668   343.212  2001.039   40   37   -1   -1
   3  -536.450   596.057  2013.029    9    7   -1   -1
   4  -134.932   229.847  1969.517   58   52   -1   -1
   5  -290.760  -247.511  1834.721   64   58   -1   -1
   6   -26.398   273.535  1998.385   52   48   -1   -1
   7  -621.299   345.819  1982.864   39   39   -1   -1
   8   133.949   648.247  1987.950    6    3   -1   -1
   9  -111.730   290.336  1983.113   47   45   -1   -1
  10  -145.664  -452.367  1476.741   67   61   -1   -1
  11  -529.857   696.771  1901.165    4    2   -1   -1
  12  -294.605   705.967  1942.852    2    1   -1   -1
  13   218.570   336.751  1892.475   43   40   -1   -1
  14  -100.514   538.355  1951.160   12    9   -1   -1
  15  -345.901  -267.710  1946.171   65   59   -1   -1
  16  -167.934    83.756  1973.586   60   54   -1   -1
  17  -401.690   403.857  1867.629   34   31   -1   -1
  18   -94.445   340.677  1939.151   41   38   -1   -1
  19  -300.257    47.517  1883.452   61   55   -1   -1
  20  -600.734   272.530  2030.226   51   49   -1   -1
  21  -759.501   336.345  1928.566   42   41   -1   -1
  22    60.884   523.559  1966.653   14   11   -1   -1
  23     4.116   437.999  2010.374   21   19   -1   -1
  24  -429.992   648.960  2031.705    5    4   -1   -1
  25   197.762   248.271  1938.166   56   50   -1   -1
  26  -422.167    -7.686  1998.860   62   56   -1   -1
  27   262.796   438.583  1817.569   22   20   -1   -1
  28  -583.345  -313.625  1561.826   66   60   -1   -1
  29   182.950   705.182  1916.568    3    0   -1   -1
  30  -313.183   583.512  2011.669   10    8   -1   -1
  31  -158.496   605.998  1954.812    8    6   -1   -1
  32  -322.083   285.435  1969.608   48   47   -1   -1
  33  -616.709   312.930  1788.866   44   43   -1   -1
  34  -461.881   432.627  1828.150   23   23   -1   -1
  35  -351.185   643.576  1870.697    7    5   -1   -1
  36  -480.038   241.955  1759.389   57   51   -1   -1
  37   169.663  -141.286  1799.234   63   57   -1   -1
  38  -140.605   285.733  1912.759   49   46   -1   -1
