17
   1   127.714   651.117  1990.814    6    3   -1   -1
   2  -141.058  -433.823  1541.045   65   59   -1   -1
   3  -304.208    56.770  1882.881   59   53   -1   -1
   4  -168.706    91.857  1973.976   58   52   -1   -1
   5     1.731   446.914  2009.723   20   18   -1   -1
   6  -425.064     2.804  2000.516   60   54   -1   -1
   7  -583.594  -308.756  1562.127   64   58   -1   -1
   8   259.928   447.943  1815.027   21   19   -1   -1
   9  -324.879   293.341  1971.546   47   44   -1   -1
  10  -479.770   242.516  1763.192   54   50   -1   -1
  11  -771.319   323.732  1924.123   42   39   -1   -1
  12  -620.895   312.321  1778.985   44   42   -1   -1
  13   167.850  -130.994  1801.314   61   55   -1   -1
  14  -474.132   507.948  1965.489   15   13   -1   -1
  15  -367.851   695.643  1982.073    2    0   -1   -1
  16  -248.770   212.521  2093.586   57   51   -1   -1
  17  -150.396   292.884  1917.896   48   45   -1   -1
