42
   1  -628.556   486.447  1970.283   17   15   -1   -1
   2  -432.288   343.697  2002.439   39   37   -1   -1
   3  -545.017   587.011  2011.929   10    8   -1   -1
   4  -138.141   235.418  1965.603   55   49   -1   -1
   5  -294.517  -235.107  1837.357   62   56   -1   -1
   6  -721.745   394.648  1959.133   30   28   -1   -1
   7  -130.574   421.354  1963.965   24   21   -1   -1
   8   -34.923   281.148  1997.536   50   46   -1   -1
   9  -631.218   341.758  1987.977   40   38   -1   -1
  10  -614.426   413.205  1947.142   26   24   -1   -1
  11  -311.137   697.137  1948.698    3    1   -1   -1
  12   127.714   651.117  1990.814    6    3   -1   -1
  13  -539.535   689.686  1892.136    4    2   -1   -1
  14  -117.589   296.084  1986.319   46   43   -1   -1
  15  -605.019   278.913  2028.188   51   47   -1   -1
  16   209.335   345.860  1893.030   41   35   -1   -1
  17  -110.180   541.430  1957.565   11    9   -1   -1
  18  -409.202   406.836  1884.851   29   26   -1   -1
  19  -141.058  -433.823  1541.045   65   59   -1   -1
  20   158.101   301.334  1924.912   45   41   -1   -1
  21  -304.208    56.770  1882.881   59   53   -1   -1
  22  -346.623  -259.462  1946.543   63   57   -1   -1
  23    57.909   529.495  1971.086   13   10   -1   -1
  24  -168.706    91.857  1973.976   58   52   -1   -1
  25     1.731   446.914  2009.723   20   18   -1   -1
  26  -102.118   347.427  1944.196   38   36   -1   -1
  27  -157.615   607.241  1957.934    9    7   -1   -1
  28  -425.064     2.804  2000.516   60   54   -1   -1
  29  -583.594  -308.756  1562.127   64   58   -1   -1
  30   195.994   255.145  1938.112   53   48   -1   -1
  31   259.928   447.943  1815.027   21   19   -1   -1
  32  -324.879   293.341  1971.546   47   44   -1   -1
  33  -364.782   641.591  1864.634    7    5   -1   -1
  34  -479.770   242.516  1763.192   54   50   -1   -1
  35  -771.319   323.732  1924.123   42   39   -1   -1
  36  -620.895   312.321  1778.985   44   42   -1   -1
  37   167.850  -130.994  1801.314   61   55   -1   -1
  38  -474.132   507.948  1965.489   15   13   -1   -1
  39  -257.972   353.461  1865.766   37   34   -1   -1
  40  -367.851   695.643  1982.073    2    0   -1   -1
  41  -248.770   212.521  2093.586   57   51   -1   -1
  42  -150.396   292.884  1917.896   48   45   -1   -1
