39
   1  -280.513  -335.320  1633.554   68   60   -1   -1
   2  -318.056  -108.172  1661.320   66   57   -1   -1
   3  -418.967   -72.798  1857.013   65   56   -1   -1
   4  -165.462    34.350  1912.966   63   54   -1   -1
   5  -122.120   199.454  1830.912   61   52   -1   -1
   6  -391.435   356.575  1512.940   39   33   -1   -1
   7  -598.911   233.002  1898.309   55   50   -1   -1
   8    22.827   238.701  1639.107   57   48   -1   -1
   9  -290.442   -11.077  1705.815   64   55   -1   -1
  10  -128.466   388.654  1922.769   34   28   -1   -1
  11   -86.271   258.888  1768.406   50   44   -1   -1
  12    18.285   392.839  1892.753   33   27   -1   -1
  13   182.911  -203.105  1692.044   67   58   -1   -1
  14    76.113   492.370  1872.059   20   15   -1   -1
  15   -61.107   311.676  1661.689   44   38   -1   -1
  16  -424.335   459.246  1444.914   28   22   -1   -1
  17   171.886   650.213  1771.076    9    5   -1   -1
  18   287.680   396.145  1644.955   36   29   -1   -1
  19  -346.371  -316.719  1905.048   70   61   -1   -1
  20  -611.417   375.942  1625.870   37   31   -1   -1
  21  -314.586   242.753  1860.179   53   47   -1   -1
  22  -592.549   425.242  1769.149   30   24   -1   -1
  23   210.293   211.977  1847.505   60   51   -1   -1
  24   214.907   690.530  1737.481    5    2   -1   -1
  25   250.387   733.940  1667.104    3    0   -1   -1
  26  -518.962   674.931  1719.795    7    3   -1   -1
  27  -585.855  -343.982  1521.670   69   59   -1   -1
  28  -779.266   460.286  1694.022   26   20   -1   -1
  29  -822.893   262.094  1564.005   52   46   -1   -1
  30  -161.200   595.417  1961.144   11    7   -1   -1
  31   286.504   299.031  1504.733   45   39   -1   -1
  32   -51.221   549.377  1520.203   18   12   -1   -1
  33  -480.223   238.577  1759.426   56   49   -1   -1
  34  -650.988   520.873  1492.583   21   16   -1   -1
  35  -599.827   509.041  1315.300   24   18   -1   -1
  36  -390.083   408.683  1445.190   35   30   -1   -1
  37  -602.774   342.527  1685.744   40   34   -1   -1
  38  -267.459   657.884  1524.110   10    6   -1   -1
  39  -244.416   195.401  2059.768   62   53   -1   -1
