38
   1  -296.548  -282.039  1639.584   64   62   -1   -1
   2  -134.633   223.845  1829.578   58   55   -1   -1
   3   -15.573   272.180  1601.148   53   49   -1   -1
   4  -430.990   -28.417  1852.475   62   59   -1   -1
   5  -306.162    29.334  1698.788   61   58   -1   -1
   6  -130.471   410.690  1923.308   34   29   -1   -1
   7  -446.663   363.943  1503.706   42   37   -1   -1
   8  -168.909    70.448  1915.461   60   57   -1   -1
   9  -348.918  -284.577  1893.394   65   63   -1   -1
  10   250.486   339.086  1476.583   44   40   -1   -1
  11  -109.381   288.233  1740.235   48   44   -1   -1
  12     7.713   432.239  1881.902   25   22   -1   -1
  13   274.911   433.618  1665.060   30   25   -1   -1
  14   -90.208   343.208  1612.811   43   39   -1   -1
  15   149.257   669.005  1743.674    8    4   -1   -1
  16    66.302   523.596  1840.820   19   14   -1   -1
  17  -614.412   266.408  1884.461   52   50   -1   -1
  18  -327.469   277.247  1828.044   51   48   -1   -1
  19   203.926   239.961  1843.878   54   52   -1   -1
  20  -418.089   415.510  1536.296   37   33   -1   -1
  21   175.897  -162.991  1688.002   63   61   -1   -1
  22   -94.875   567.692  1524.371   15   10   -1   -1
  23  -657.534   368.583  1588.212   40   36   -1   -1
  24  -658.785   565.173  1439.147   18   11   -1   -1
  25  -558.049   639.423  1712.842   11    6   -1   -1
  26  -586.491  -323.820  1528.987   66   64   -1   -1
  27   198.529   721.448  1694.792    5    1   -1   -1
  28  -745.420   438.318  1645.892   31   26   -1   -1
  29  -552.517   745.776  1572.318    4    0   -1   -1
  30  -440.872   671.578  1828.749    6    2   -1   -1
  31  -589.752   529.127  1891.202   16   13   -1   -1
  32  -159.003   602.067  1968.090   12    7   -1   -1
  33 -1099.612   267.649   264.121   57   54   -1   -1
  34  -328.893   644.425  1450.364   13    8   -1   -1
  35  -480.354   240.959  1756.635   55   53   -1   -1
  36  -804.921   374.241  1526.196   41   35   -1   -1
  37  -628.251   323.375  1649.311   45   41   -1   -1
  38  -248.681   206.374  2051.525   59   56   -1   -1
