45
   1  -508.519   621.846  2028.952   12    6   -1   -1
   2  -383.654   340.651  2008.606   44   38   -1   -1
   3  -565.970   541.975  1987.225   16   10   -1   -1
   4  -125.668   212.632  1968.605   61   55   -1   -1
   5  -332.652   666.427  1959.599    8    2   -1   -1
   6  -128.505   400.449  1962.212   38   32   -1   -1
   7  -278.852  -285.214  1831.973   68   62   -1   -1
   8  -590.881   354.519  1982.691   43   37   -1   -1
   9  -682.940   433.349  1972.645   28   22   -1   -1
  10     0.966   250.104  2008.560   56   50   -1   -1
  11  -379.611   393.320  1859.603   40   33   -1   -1
  12   151.445   637.302  1991.571   11    4   -1   -1
  13  -165.402    58.324  1973.205   63   57   -1   -1
  14  -777.216   299.030  1966.342   48   42   -1   -1
  15   -94.631   271.058  1987.146   52   47   -1   -1
  16  -503.691   717.387  1897.225    6    0   -1   -1
  17   -72.763   319.990  1931.153   46   39   -1   -1
  18  -822.782   393.272  1864.615   39   34   -1   -1
  19 -1340.772   310.766 -1156.798   58   52   -1   -1
  20    68.975   502.492  1979.856   22   15   -1   -1
  21  -589.710   249.978  2035.592   55   51   -1   -1
  22  -344.237  -292.515  1944.994   69   63   -1   -1
  23   271.665   411.138  1815.301   37   28   -1   -1
  24  -288.677    18.630  1883.067   64   58   -1   -1
  25   203.011   227.762  1935.151   60   53   -1   -1
  26  -413.636   -39.633  1994.948   65   59   -1   -1
  27    12.048   410.254  2018.798   35   26   -1   -1
  28   -70.797   526.722  1948.325   18   11   -1   -1
  29  -582.231  -328.184  1561.640   70   64   -1   -1
  30   197.828   686.826  1914.625    7    1   -1   -1
  31  -412.730   648.647  2041.962    9    3   -1   -1
  32  -313.299   261.043  1967.828   54   49   -1   -1
  33   245.868   309.778  1887.786   47   41   -1   -1
  34   175.500  -171.760  1792.068   67   61   -1   -1
  35  -577.134   521.287  1969.655   19   13   -1   -1
  36  -537.692   551.823  2003.226   15    9   -1   -1
  37  -160.369   600.836  1953.181   14    8   -1   -1
  38  -597.973   326.879  1826.543   45   40   -1   -1
  39  -722.183   374.698  1935.147   41   36   -1   -1
  40  -480.236   240.043  1758.595   59   54   -1   -1
  41  -412.407   525.495  1984.856   17   12   -1   -1
  42  -270.446   598.207  2011.358   13    7   -1   -1
  43  -314.736   -60.914  1973.066   66   60   -1   -1
  44  -244.544   201.700  2099.639   62   56   -1   -1
  45  -105.663   371.892  1848.776   42   35   -1   -1
