1   -806.45   455.00    1474.00
2   -603.25   455.00    1095.00
3   -425.45   460.00     740.00
4   -215.90   455.00     384.00
5      0.00   460.00       0.00
6    219.07   455.00     384.00
7    423.86   460.00     740.00
8    612.77   460.00    1095.00
9    822.32   460.00    1474.00
10   -806.45   305.00    1474.00
11   -603.25   305.00    1095.00
12   -425.45   310.00     740.00
13   -215.90   305.00     384.00
14      0.00   305.00       0.00
15    215.90   305.00     384.00
16    422.27   305.00     740.00
17    612.77   305.00    1095.00
18    819.15   305.00    1474.00
19   -806.45   155.00    1474.00
20   -603.25   155.00    1095.00
21   -423.86   155.00     740.00
22   -215.90   155.00     384.00
23      0.00   155.00       0.00
24    215.90   155.00     384.00
25    422.27   155.00     740.00
26    612.77   150.00    1095.00
27    819.15   155.00    1474.00
28   -806.45     5.00    1474.00
29   -603.25    -5.00    1095.00
30   -423.86     0.00     740.00
31   -215.90     0.00     384.00
32      0.00     0.00       0.00
33    215.90     0.00     384.00
34    422.27     0.00     740.00
35    612.77     0.00    1095.00
36    819.15     5.00    1474.00
37   -809.62  -155.00    1474.00
38   -603.25  -155.00    1095.00
39   -423.86  -155.00     740.00
40   -215.90  -155.00     384.00
41      0.00  -155.00       0.00
42    215.90  -155.00     384.00
43    420.69  -155.00     740.00
44    612.77  -155.00    1095.00
45    815.97  -150.00    1474.00
46   -809.62  -305.00    1474.00
47   -603.25  -310.00    1095.00
48   -422.27  -310.00     740.00
49   -215.90  -310.00     384.00
50      0.00  -305.00       0.00
51    215.90  -305.00     384.00
52    419.10  -305.00     740.00
53    609.60  -305.00    1095.00
54    815.97  -305.00    1474.00
55   -809.62  -455.00    1474.00
56   -603.25  -460.00    1095.00
57   -420.69  -460.00     740.00
58   -212.72  -465.00     384.00
59      0.00  -460.00       0.00
60    212.72  -465.00     384.00
61    419.10  -460.00     740.00
62    609.60  -465.00    1095.00
63    815.97  -455.00    1474.00
